0,0,0.9999999999999999
0,1,0.5677408884667116
0,2,0.5325000195163564
0,3,0.42677066036244443
0,4,0.37364856732740725
0,5,0.33275968505032194
0,6,0.3059712568166672
0,7,0.29271688460624795
0,8,0.6117424683272407
0,9,0.6790786101023565
0,10,0.3530061173479765
0,11,0.27547819916948174
0,12,0.4387613745112528
0,13,0.5962519354497179
0,14,0.5474556019276557
0,15,0.3572398057370829
0,16,0.366673582978578
0,18,0.0886185826187178
0,31,0.11442403895639082
0,39,0.038635008615572584
0,40,0.2764331808186103
0,42,0.512286365217087
0,43,0.31474064589545275
0,44,0.24085341179043449
0,45,0.13522886879770601
0,46,0.4834298970142246
0,47,0.3241815637274116
0,48,0.1536622374759677
0,49,0.4905324300661372
0,55,0.22021001878917545
0,57,0.23316980049101163
0,58,0.23009518918573638
0,59,0.147733768219902
0,60,0.04130103182186747
0,62,6.463824871825475e-05
0,63,0.09646289589485549
0,78,0.1678374120782999
0,82,0.13454667602230044
0,83,0.17441083527719822
0,85,0.1829014327822987
0,87,0.02026934021881004
0,88,0.13978618663201509
0,89,0.03062071711880992
0,90,0.024395078928713874
0,91,0.2040668875976211
0,92,0.07739819216186597
0,93,0.09767170455571092
0,94,0.012474622180002351
0,96,0.12339473134036895
0,99,0.1898912999528795
0,100,0.040630142343705336
0,108,0.2827728024430258
0,109,0.08520539974509364
0,114,0.22170623398723258
0,116,0.04629329267038286
0,118,0.07588156910947247
0,120,0.11047483596923456
0,122,0.17929778677367705
0,123,0.15262642640725066
0,125,0.3720860030409133
0,127,0.05538515594037756
0,129,0.07715196396867556
0,131,0.07107076416137777
0,132,0.12306073164048004
0,133,0.032305015569829856
0,134,0.34296642178328013
0,137,0.24302664559961384
0,139,0.09816582309843745
0,140,0.35424602872016087
0,143,0.035269842367296536
0,148,0.17475123855572114
0,152,0.24053518865543141
0,154,0.15649452041847628
0,157,0.02743230914875257
0,160,0.10396034892396927
0,161,0.1576199351651106
0,163,0.1659738389453716
0,165,0.13654996759242907
0,167,0.0688675365022376
0,170,0.19994800247659753
0,181,0.2629973560477031
0,184,0.23615358656892518
0,187,0.05542869260998517
0,188,0.2805603327812424
0,202,0.18595178731941983
0,207,0.26606608360661765
0,208,0.08403667481731819
0,210,0.20012269471797942
0,211,0.10852943707342914
0,212,0.10443284776079687
1,0,0.5677408884667116
1,1,1.0
1,2,0.3685760930370261
1,3,0.5019721468138519
1,4,0.4380304299783762
1,5,0.28963603825981915
1,6,0.25706669683079936
1,7,0.5484433233241488
1,8,0.5366025332050391
1,9,0.42358744228844536
1,10,0.26328082536879116
1,11,0.40670270158669614
1,12,0.32649929074395
1,13,0.6442534807624668
1,14,0.43522178082006757
1,15,0.4506846853293208
1,16,0.5910637368517973
1,17,0.09591572633021202
1,18,0.06999286609660108
1,23,0.008762703219976973
1,26,0.0037362032004494687
1,28,0.15406771025897606
1,31,0.20334217667890797
1,36,0.025862145447807437
1,37,0.04097268070436334
1,40,0.37550994288575285
1,42,0.22518893524749953
1,43,0.3897866667310459
1,44,0.21034932892174416
1,45,0.11104132723310782
1,46,0.23926650978806333
1,47,0.3751198179713121
1,48,0.1814148543770806
1,49,0.24415025700219983
1,55,0.2986678015313161
1,57,0.1892509712223245
1,58,0.2599129755998661
1,59,0.1931033418304712
1,60,0.09519486746226541
1,61,0.11207942910639679
1,74,0.056977134926327035
1,78,0.10142361894356075
1,82,0.009171310392121558
1,83,0.08240843741788613
1,85,0.05558845438013104
1,87,0.16586419543365627
1,88,0.06970257724696925
1,90,0.037815648819992984
1,91,0.15616789935062642
1,96,0.06121167729578506
1,99,0.044570349485117046
1,108,0.17109523054171535
1,109,0.03359955629422322
1,112,0.00021182720536517058
1,114,0.0985141223470645
1,116,0.030996807315903468
1,120,0.11771602491276169
1,122,0.12500029578095948
1,123,0.09688610959771679
1,125,0.14601188872469853
1,127,0.042768181305613655
1,129,0.03217459716453525
1,132,0.08449474954060472
1,134,0.1757399514809459
1,137,0.13929549918836281
1,139,0.018331322083280758
1,140,0.17070424349558166
1,148,0.19529620834327086
1,152,0.14111675471996615
1,154,0.03410923551412816
1,156,0.0074830036641239505
1,161,0.1907979938668781
1,163,0.006347011477223714
1,165,0.14024037409848036
1,171,0.08206575192250545
1,181,0.1823337730882154
1,184,0.035721446060324534
1,186,0.0035854262132323607
1,188,0.15763456555663333
1,202,0.0923841596826976
1,207,0.1660655959997336
1,208,0.09093989011209903
1,210,0.03583400989074304
2,0,0.5325000195163564
2,1,0.3685760930370261
2,2,0.9999999999999998
2,3,0.38243878909795637
2,4,0.38103739286071997
2,5,0.5273367871790942
2,6,0.46812668311931294
2,7,0.13043411523031273
2,8,0.4801159825349827
2,9,0.34650956448034137
2,10,0.6095045135993595
2,11,0.26045359073945
2,12,0.6339537866156412
2,13,0.46898169645524657
2,14,0.5385806669612468
2,15,0.36491025887796064
2,16,0.1914722317238551
2,18,0.09694007683356651
2,22,0.07069891058113342
2,29,0.02583998223080841
2,31,0.3249384116338406
2,32,0.03763434002983384
2,40,0.08533797007030793
2,41,0.0027930030957096148
2,42,0.27913825483538046
2,43,0.1304111098027434
2,44,0.050651611805532785
2,46,0.34656241045113684
2,47,0.0012080420880726617
2,48,0.003836928211072581
2,49,0.2799393618526281
2,57,0.20672631320271806
2,58,0.22271448106128244
2,59,0.038140750057516985
2,60,0.15493966708248827
2,74,0.10342368337212703
2,75,0.027618091964099308
2,78,0.07497789428173739
2,83,0.033337919523587826
2,85,0.1967382646806154
2,88,0.03771313882777628
2,92,0.07577002063086592
2,93,0.07493407479590761
2,96,0.17388291858164895
2,99,0.1344380884582227
2,100,0.20759515129587783
2,101,0.08144118434558127
2,106,0.05449433594628073
2,108,0.1322967254045734
2,109,0.1555607515642539
2,114,0.1064407294134844
2,116,0.11783783048095585
2,117,0.11599313374439689
2,118,0.07422664167294571
2,120,0.1855031710091258
2,123,0.1687139100078131
2,125,0.26996806720894795
2,128,0.1348135935185212
2,129,0.13771021122607105
2,130,0.055000521293153984
2,131,0.14409917000390468
2,134,0.22296782273704144
2,135,0.05575169081215434
2,136,0.06004669408456296
2,137,0.23913759763606612
2,139,0.17647170583606492
2,140,0.30846697441610066
2,141,0.08395214799611925
2,143,0.0342018750608649
2,148,0.007029578003011248
2,152,0.06605380069976668
2,154,0.1407307657608762
2,160,0.10765721732518346
2,163,0.0897272941821458
2,167,0.16698711030843777
2,170,0.024811798997964766
2,184,0.10934623642980365
2,187,0.10884389725534155
2,188,0.08508088380957742
2,189,0.009499971230501792
2,199,0.04947929751087923
2,207,0.01662591234390016
2,210,0.12620721696231996
2,211,0.031002050320015333
2,215,0.027700286129325864
3,0,0.42677066036244443
3,1,0.5019721468138519
3,2,0.38243878909795637
3,3,1.0
3,4,0.28057573561215865
3,5,0.3207278681099393
3,6,0.2815302206941514
3,7,0.3783120201345992
3,8,0.39239999450093815
3,9,0.3008326772098026
3,10,0.30658668646225534
3,11,0.4265802966931618
3,12,0.3608716863780274
3,13,0.48868139986830295
3,14,0.4088248760128105
3,15,0.44238015539337616
3,16,0.43499936359913194
3,17,0.032517847539349914
3,18,0.041601891783437046
3,26,0.022719995170742188
3,28,0.10806500482895798
3,31,0.24777799468853995
3,37,0.014984984736939426
3,40,0.2357675113998895
3,42,0.1889871824594811
3,43,0.25988471791420903
3,44,0.10414458027434693
3,45,0.0031102425281901882
3,46,0.20412199937529193
3,47,0.21335462246349463
3,48,0.13317394510631245
3,49,0.19005817291615018
3,55,0.2029007745518613
3,57,0.13316121780773052
3,58,0.16409794399138372
3,59,0.14184039761937725
3,60,0.05197619309871968
3,61,0.10868781670786229
3,74,0.08892989723129632
3,78,0.06849785183620034
3,83,0.0554349180333132
3,85,0.0680839190140587
3,87,0.08858903045300359
3,88,0.03130555935528887
3,91,0.04499411032874732
3,96,0.05262002597684461
3,99,0.08204095064990005
3,100,0.038687777622755846
3,108,0.10843278971125922
3,109,0.054670490280622465
3,114,0.0448859104580006
3,116,0.03872686446013891
3,118,0.00896837012771079
3,120,0.13233835170453845
3,122,0.07695986443862017
3,123,0.08721258226508524
3,125,0.14249009886084
3,131,0.02499516872836439
3,132,0.010221235249514274
3,134,0.1553906612943403
3,137,0.1290145396164852
3,139,0.05396835733751942
3,140,0.15027465273626822
3,148,0.09493226257912943
3,152,0.06809202071199849
3,154,0.04752883244149965
3,161,0.15225282850874103
3,163,0.020384224493067586
3,165,0.05435266866318074
3,167,0.002617385487061451
3,171,0.06436179770406167
3,181,0.08779012594265051
3,184,0.029818977877685806
3,187,0.012023922592081451
3,188,0.08049886353391818
3,202,0.04129153598589144
3,207,0.12565698854525262
3,208,0.04486032609748804
3,210,0.03537365959996086
3,216,0.004357254113915562
4,0,0.37364856732740725
4,1,0.4380304299783762
4,2,0.38103739286071997
4,3,0.28057573561215865
4,4,1.0
4,5,0.36545207936992535
4,6,0.37538825962913924
4,7,0.17374135346511518
4,8,0.3302169768245934
4,9,0.21162814170305788
4,10,0.44958889250534967
4,11,0.20241457161100931
4,12,0.33337274600953215
4,13,0.3683729745308777
4,14,0.3280921642899557
4,15,0.3126540947215619
4,16,0.20847381853796515
4,18,0.11557068726700509
4,22,0.01826442247779752
4,31,0.31298598062419486
4,32,0.03409930992850675
4,40,0.23054904652324412
4,42,0.1143770981949595
4,43,0.17437488268682116
4,44,0.012667017571391262
4,46,0.14833873685370014
4,47,0.15371208199737835
4,48,0.017767292355209695
4,49,0.10013079589060236
4,50,0.0006259093196667564
4,55,0.04442105261775817
4,57,0.13551213499015666
4,58,0.14424466848920914
4,59,0.05895966574715985
4,60,0.18814973855244563
4,74,0.1221547152504232
4,85,0.0746530401526271
4,96,0.085765938898089
4,100,0.08582910771457807
4,101,0.019207641840864032
4,107,0.026725294427183972
4,108,0.03623335105930789
4,109,0.05663645205910037
4,116,0.029985589690082387
4,117,0.03105191603906773
4,120,0.2079493031995482
4,123,0.06589970558757763
4,125,0.08646824423947018
4,127,0.0015402714372931656
4,128,0.013319757328119016
4,129,0.10905257146401984
4,134,0.10087402412168675
4,135,0.00867315227992673
4,137,0.07946413491793196
4,139,0.11650111986615533
4,140,0.13983233237825318
4,141,0.05277404568973175
4,154,0.023247551510673845
4,166,0.026165014310740545
4,167,0.03628308692116734
4,169,0.03293739053792848
4,181,0.0038233849436423895
4,184,0.0006846005182374373
4,187,0.027122034306855173
4,188,0.025751169936254006
4,210,0.08074116489444404
5,0,0.33275968505032194
5,1,0.28963603825981915
5,2,0.5273367871790942
5,3,0.3207278681099393
5,4,0.36545207936992535
5,5,1.0
5,6,0.5246536720540055
5,7,0.1440483859984091
5,8,0.17377479890460928
5,9,0.06791289027261163
5,10,0.5436117338634329
5,11,0.36268020073079366
5,12,0.4214591166527413
5,13,0.45192750468529774
5,14,0.2332416481811717
5,15,0.4350742117410129
5,16,0.19376957443376017
5,18,0.1269756523503145
5,20,0.04207591789650621
5,21,0.07473764834969462
5,22,0.034884634547038655
5,24,0.035332070068770934
5,26,0.02073101101211702
5,27,0.01631948793724207
5,29,0.02527689490142518
5,31,0.4718369160145915
5,32,0.12931771723620733
5,37,0.022896495929330574
5,38,0.04423585830395317
5,40,0.15667181448546308
5,43,0.006033588075449699
5,47,0.002294949609882673
5,48,0.018359737594196134
5,50,0.01953873292103924
5,58,0.02109774025783934
5,59,0.045559785140451683
5,60,0.21531065121575524
5,74,0.23998006619108622
5,85,0.07724981829871962
5,96,0.019306940808928457
5,107,0.045443178521783825
5,117,0.061809129778947855
5,120,0.27583015745411027
5,123,0.13896481041228226
5,128,0.01547978704027181
5,129,0.06017696196366523
5,139,0.01589413142105876
5,141,0.12236829626357071
5,165,0.009416968613438924
5,166,0.10312191317340853
5,169,0.10266456478148869
5,171,0.042797755951298616
5,178,0.015134232685778983
5,191,0.004028409293816473
5,197,0.01646400757009756
5,198,0.07377076253179873
5,210,0.03351428817136022
5,215,0.08742435586522974
5,219,0.03571077166282562
5,227,0.09253079719747627
5,231,0.06495734772753786
5,233,0.03843997227542217
5,236,0.0325914789926823
6,0,0.30597125681666726
6,1,0.2570666968307993
6,2,0.46812668311931294
6,3,0.2815302206941515
6,4,0.37538825962913924
6,5,0.5246536720540053
6,6,0.9999999999999999
6,7,0.14304911292869066
6,8,0.22133499117107172
6,9,0.13697313082185208
6,10,0.5041577542277317
6,11,0.31770771476351345
6,12,0.3767824045673363
6,13,0.37885070507446383
6,14,0.2628594295218442
6,15,0.3582130590974149
6,16,0.19507662004309353
6,18,0.13194021131436237
6,20,0.010249293700385383
6,21,0.020720131976631563
6,22,0.045930255167435284
6,24,5.6167296041329356e-05
6,29,0.04299409990273409
6,31,0.3996627167861757
6,32,0.09062003827500467
6,38,0.060085684856349
6,40,0.12134556828940797
6,42,0.0584720830091806
6,43,0.022780649328920332
6,46,0.045875070824746574
6,48,0.04873320356144521
6,49,0.013136845174172965
6,57,0.011965495784037402
6,58,0.041514955195268294
6,59,0.07946774449002617
6,60,0.2155913048218812
6,74,0.21219070142595486
6,85,0.111760914413206
6,96,0.01702771474628627
6,100,0.014160070119295265
6,117,0.06546555635296693
6,120,0.2758332052869816
6,123,0.14489628169380048
6,125,0.021192768688648327
6,129,0.07494967961668018
6,133,0.01020612983331723
6,139,0.05736357141382862
6,140,0.04363938237529612
6,141,0.06649252029732289
6,143,0.025415802716282427
6,144,0.02848952403249671
6,166,0.08771730094842381
6,167,0.03025437445619155
6,169,0.047508511612647845
6,171,0.02512303973504488
6,184,0.05190009307148139
6,198,0.027916442027591366
6,210,0.09498118045541651
6,215,0.0469219790688863
6,219,0.02462735419373188
6,227,0.010957386880654094
6,231,0.009197565496945637
7,0,0.29271688460624795
7,1,0.5484433233241488
7,2,0.13043411523031273
7,3,0.3783120201345992
7,4,0.17374135346511518
7,5,0.1440483859984091
7,6,0.14304911292869063
7,7,1.0
7,8,0.3324485976059315
7,9,0.3259906487570408
7,10,0.07885012759758152
7,11,0.3876432743504799
7,12,0.15559260095579538
7,13,0.4010488190609509
7,14,0.23938587550226267
7,15,0.32575968597964916
7,16,0.8517829684271001
7,17,0.2117251442930551
7,21,0.0686275478486182
7,23,0.07855533641534398
7,24,0.029085337418315663
7,26,0.09919324924999079
7,28,0.31636574964720576
7,30,0.0020303596340716917
7,31,0.11157859166251281
7,35,0.1100430930413062
7,36,0.05682936400416428
7,37,0.08995990847407039
7,40,0.2867638086772443
7,41,0.03009094672122926
7,42,0.02952095899930051
7,43,0.40571771089160974
7,44,0.22309712442457857
7,45,0.08914675871346595
7,46,0.05853598874175014
7,47,0.36825665907022065
7,48,0.11307615047193013
7,49,0.10908391417406209
7,55,0.37160394803115515
7,56,0.0010341436135423985
7,57,0.14874318363482916
7,58,0.18013113942617948
7,59,0.12603040803486784
7,61,0.06373829971598834
7,74,0.04239525452198203
7,78,0.10771140685323652
7,82,0.03808740873771525
7,83,0.031098482779461017
7,87,0.15588555917295463
7,88,0.029711073513096663
7,89,0.00522918105428552
7,90,0.023479841475730043
7,91,0.1329623161380053
7,108,0.02085412069115322
7,109,0.004212651722735316
7,112,0.13017661501027666
7,114,0.02275774845436333
7,122,0.0753471550118928
7,134,0.07905390029177743
7,137,0.0574090571612481
7,140,0.0290994836546545
7,148,0.14357388915059122
7,150,0.010039474819689692
7,152,0.019802436200897285
7,155,0.003371387094488555
7,161,0.27347735888525276
7,164,0.038891169425119686
7,165,0.11200804570581539
7,171,0.22310018418003838
7,181,0.12984155792966262
7,186,0.018889563599509787
7,187,0.00606171412630086
7,188,0.057952358678817165
7,200,0.049377583420658316
7,202,0.09955454136193735
7,207,0.12746927132010027
7,208,0.07225293312619371
7,209,0.06116742344288019
7,213,0.0974646690512711
7,216,0.13672620590505546
7,221,0.09643697890820999
7,223,0.12639221143265525
7,224,0.07812995085013996
7,225,0.13100676703428896
7,228,0.1291373515741509
7,232,0.027789576893240246
7,235,0.04266330594150882
7,237,0.06263388671682552
7,238,0.07689944042535726
7,245,0.0014804171453472491
7,246,0.10232728356157098
7,247,0.06063850569302231
8,0,0.6117424683272407
8,1,0.5366025332050391
8,2,0.4801159825349827
8,3,0.39239999450093815
8,4,0.3302169768245934
8,5,0.17377479890460928
8,6,0.22133499117107167
8,7,0.3324485976059315
8,8,1.0000000000000002
8,9,0.623185283942565
8,10,0.24789945118368292
8,11,0.23000556957443702
8,12,0.4071218074650743
8,13,0.46470649632491395
8,14,0.7080010986189423
8,15,0.28430062528247496
8,16,0.3760660685680568
8,18,0.04202113553481206
8,39,0.02981774989202226
8,40,0.16269441211316812
8,41,0.2833084892369209
8,42,0.5197811141112272
8,43,0.39630991322400183
8,44,0.27581248029856414
8,45,0.04791608394303132
8,46,0.6378729185360053
8,47,0.11094387477627184
8,48,0.11589915457241341
8,49,0.5189937384391207
8,55,0.06048972614720574
8,57,0.6059915197462598
8,58,0.48644601461181136
8,59,0.11317327643277464
8,60,0.030547879805874256
8,75,0.03578039429443597
8,78,0.3093976620227431
8,81,0.10772789940910693
8,83,0.22189699687667513
8,84,0.046435013069279746
8,85,0.1630014360055616
8,87,0.12975522923191962
8,88,0.13585617192720995
8,91,0.09298441220813468
8,92,0.17508316906930738
8,93,0.09403658160927862
8,94,0.06231099239963133
8,96,0.24130488976116327
8,99,0.2447369703151418
8,100,0.2449582708037932
8,101,0.014311494357533658
8,108,0.2890427205459997
8,109,0.18286082678555288
8,114,0.34431690134197546
8,116,0.16529454263147958
8,117,0.015548094931883081
8,118,0.24251231240014026
8,120,0.04357385227640029
8,122,0.12896552112399076
8,123,0.10375055092101325
8,125,0.4937890338117781
8,126,0.06175544774498102
8,127,0.009136770535446564
8,128,0.03589378452595473
8,129,0.13844147258731576
8,130,0.06001791683718833
8,131,0.3243460851906274
8,132,0.04626533056543637
8,134,0.4738955558222106
8,136,0.300049423646275
8,137,0.5829608817479435
8,139,0.3192291193188094
8,140,0.608127850117995
8,143,0.07652091549207041
8,148,0.2706594805690357
8,152,0.10983093771246624
8,154,0.2977275605119734
8,160,0.06287657065700888
8,161,0.11038580850365101
8,163,0.17142341721902027
8,167,0.24566237008126554
8,170,0.13844423193426508
8,172,0.04856171100843709
8,181,0.12752322487637055
8,184,0.1615959923654569
8,187,0.32870606724151546
8,188,0.17476147592158173
8,189,0.015766397664959082
8,190,0.0009131365308390457
8,199,0.0812070355777468
8,202,0.16328431721974868
8,207,0.1941854318880552
8,208,0.21563523011227215
8,210,0.14991285781708
8,211,0.09096652465927398
9,0,0.6790786101023565
9,1,0.42358744228844536
9,2,0.34650956448034137
9,3,0.3008326772098026
9,4,0.21162814170305788
9,5,0.06791289027261163
9,6,0.13697313082185208
9,7,0.3259906487570408
9,8,0.623185283942565
9,9,1.0000000000000002
9,10,0.12397304351068428
9,11,0.15215923059070124
9,12,0.29742433495334625
9,13,0.3870501214583973
9,14,0.5045724070018064
9,15,0.1768638263767686
9,16,0.38874291417643675
9,18,0.17021354915164214
9,36,0.03002701778845024
9,39,0.19171744104140975
9,40,0.11792202476205643
9,42,0.7126125201674219
9,43,0.205288114727141
9,44,0.23387566214679203
9,45,0.19073268768676435
9,46,0.6195091309833969
9,47,0.203309896270154
9,48,0.1734090536726617
9,49,0.5627525054527096
9,55,0.13980037764861075
9,57,0.26401686495941895
9,58,0.17660951815359355
9,59,0.24396321814471575
9,62,0.17690163339246548
9,63,0.18267880653970942
9,76,0.0021862492497158595
9,78,0.17126902086571352
9,82,0.19830737197301473
9,83,0.2700983870270889
9,84,0.21725256562454354
9,85,0.21911618145955328
9,88,0.16662717413078337
9,89,0.10505421011386426
9,90,0.08663291588555312
9,91,0.2906275086695983
9,92,0.18954280230241505
9,93,0.14079647371630175
9,94,0.147389666415299
9,96,0.06619031976583459
9,97,0.10264640431595265
9,99,0.26507615062281287
9,108,0.35646489600463643
9,114,0.3489814016476667
9,118,0.13922396210039428
9,120,0.030039079899173666
9,121,0.0013249760913859297
9,122,0.24923591042824758
9,123,0.07809466553751811
9,124,0.018593863507036092
9,125,0.48498919539474783
9,126,0.016797543827619048
9,127,0.025867750105626787
9,129,0.15600372464829074
9,131,0.09000795401638802
9,132,0.25404212424480876
9,133,0.06520488901569202
9,134,0.37304193764205223
9,137,0.2808399668897559
9,139,0.08267309505225758
9,140,0.4418607527535015
9,143,0.18871814964290454
9,145,0.09193906088882238
9,147,0.03211701248183487
9,148,0.26008881768463465
9,149,0.047423394526983575
9,151,0.02309543835924607
9,152,0.31684669665794074
9,154,0.22674449607516453
9,155,0.03419992597090264
9,156,0.09266849402661805
9,157,0.2216131407563866
9,159,0.035125417990792954
9,160,0.2115598509794494
9,161,0.26226131345800735
9,162,0.05321333054083907
9,163,0.304976024434608
9,164,0.048377118271150585
9,165,0.15148627183494148
9,167,0.07010606447825742
9,168,0.03484302592801457
9,170,0.46670185924321267
9,181,0.3251484335900444
9,183,0.049463453817151955
9,184,0.3429526479488718
9,186,0.07190574554444937
9,187,0.06496985593372144
9,188,0.3599379903874503
9,190,0.06465769041791551
9,192,0.14468672528155097
9,195,0.059861233828784145
9,202,0.35324145727311435
9,203,0.04935086847043673
9,207,0.35682114132216114
9,208,0.1350642734355107
9,210,0.3191740276249595
9,211,0.19518391005908825
9,212,0.09932444510402796
10,0,0.3530061173479765
10,1,0.26328082536879116
10,2,0.6095045135993595
10,3,0.30658668646225534
10,4,0.44958889250534967
10,5,0.5436117338634329
10,6,0.5041577542277318
10,7,0.07885012759758152
10,8,0.24789945118368292
10,9,0.12397304351068428
10,10,1.0
10,11,0.23467573395912725
10,12,0.49293979215172934
10,13,0.3964848190796873
10,14,0.33478594003807766
10,15,0.3762949925440603
10,16,0.1241378319018329
10,18,0.1211486031145206
10,20,0.008680333724211812
10,22,0.10861829307272979
10,29,0.05589998548343524
10,31,0.5022553035038124
10,32,0.18361212171453545
10,38,0.01376377774529091
10,40,0.08698721105259492
10,42,0.0766640007226834
10,43,0.015146015869068125
10,46,0.11257754148805207
10,49,0.042733572642676944
10,50,0.05975581225525797
10,57,0.06396256122814843
10,58,0.08078008297096205
10,59,0.04370721630279003
10,60,0.2521824516575618
10,74,0.2123021147762
10,85,0.10855532673366552
10,86,0.01481509412954456
10,96,0.1412337511218223
10,98,0.04429108328184489
10,100,0.1597461171962382
10,101,0.12494417437598859
10,106,0.07625815732980033
10,107,0.03648669608153961
10,109,0.12266917399296648
10,116,0.029325058589794683
10,117,0.11771273206081936
10,120,0.2850924140198231
10,123,0.11614440775670541
10,125,0.09017472813950321
10,128,0.09242948865512444
10,129,0.15741828365951022
10,130,0.0039643021933815185
10,131,0.024739055390411206
10,134,0.0692148735054661
10,135,0.07346460897056599
10,137,0.05633142038590067
10,139,0.16184181491304048
10,140,0.10243399827726735
10,141,0.15427394627037325
10,143,0.001232024642987999
10,154,0.01543553955104288
10,160,0.055960179935353106
10,166,0.08160517606584052
10,167,0.11878525545097608
10,169,0.05078485922091761
10,184,0.018203948375502432
10,197,0.0009051650763418046
10,198,0.02211163259539351
10,210,0.0986337557135375
10,215,0.13390075094529758
10,233,0.01343262209900663
10,236,0.04692754634508588
11,0,0.27547819916948174
11,1,0.40670270158669614
11,2,0.26045359073945
11,3,0.4265802966931618
11,4,0.20241457161100931
11,5,0.36268020073079366
11,6,0.3177077147635134
11,7,0.3876432743504799
11,8,0.23000556957443702
11,9,0.15215923059070124
11,10,0.23467573395912725
11,11,1.0
11,12,0.24971269380343578
11,13,0.48010025583037197
11,14,0.3577031144011026
11,15,0.5966073825736354
11,16,0.44387072459531346
11,17,0.159817029153887
11,18,0.07926231733243587
11,19,0.03992580424894566
11,21,0.13481296214658461
11,23,0.08837947097978391
11,26,0.160398730606742
11,28,0.15717144865245464
11,31,0.26219619724588294
11,35,0.027789402771884686
11,36,0.0789467325581539
11,37,0.09349317070668697
11,40,0.2818699738838135
11,42,0.0031232575645311566
11,43,0.19697116184868946
11,44,0.06645993326992382
11,45,0.0655034644554859
11,47,0.17124083764239328
11,48,0.15065391610531953
11,49,0.029041698197600274
11,55,0.17258337701261997
11,57,0.01575462022203867
11,58,0.07703512050287922
11,59,0.17365212768571836
11,60,0.06608799957221928
11,61,0.14648879602892118
11,68,0.02753901919365041
11,74,0.20325646501394004
11,87,0.019064450511870754
11,88,0.0030481428699679195
11,112,0.023834836196911235
11,120,0.168454772084736
11,122,0.01130618677738802
11,123,0.08281655380489729
11,148,0.008097024827724049
11,150,0.0006275077734618101
11,152,0.027468182000584266
11,158,0.007815665683504103
11,161,0.201566889427657
11,165,0.09733406729415252
11,171,0.1560106781516998
11,188,0.03506807676447507
11,202,0.014679354703682342
11,207,0.07526919660392559
11,209,0.014083500265126253
11,221,0.019010273864008533
11,224,0.08622676633403838
11,225,0.057792563286168
11,226,0.00812221957947989
11,227,0.056377244726722446
11,228,0.04834424622761547
11,235,0.02981445470171511
11,246,0.07312038399955634
11,247,0.09249228304068181
12,0,0.4387613745112528
12,1,0.32649929074395
12,2,0.6339537866156412
12,3,0.3608716863780274
12,4,0.33337274600953215
12,5,0.4214591166527413
12,6,0.3767824045673363
12,7,0.15559260095579538
12,8,0.4071218074650743
12,9,0.29742433495334625
12,10,0.49293979215172934
12,11,0.24971269380343578
12,12,1.0
12,13,0.3916677999992071
12,14,0.445893155818816
12,15,0.3048344745119512
12,16,0.2256211369828771
12,18,0.0716329058650557
12,22,0.04600433637667144
12,29,0.07818064462686695
12,31,0.2697962302876475
12,40,0.04651836758251537
12,42,0.22882923643003886
12,43,0.12076465939162791
12,44,0.09763300817598941
12,46,0.2816859528716118
12,48,0.019286215229703106
12,49,0.2190452801813195
12,57,0.14209113638587478
12,58,0.12753100977863444
12,59,0.04635305989248184
12,60,0.04950583024579022
12,74,0.08757410150212833
12,78,0.036293478189709974
12,83,0.003061379824789613
12,85,0.16244188179581157
12,88,0.0863540459009348
12,92,0.058401468346639604
12,93,0.07441661168467645
12,96,0.09925601661623627
12,99,0.08607909014875764
12,100,0.08079001093531502
12,106,0.03565650679691895
12,108,0.11611290871086934
12,109,0.08984068528326752
12,114,0.0518927648815343
12,116,0.019265030940950903
12,117,0.007334624329543505
12,118,0.01135993089659037
12,120,0.1537536545734049
12,123,0.175568758992281
12,125,0.2091580606762699
12,128,0.027340447655707246
12,129,0.062441723649941175
12,131,0.11602320456021888
12,134,0.17075048059521286
12,136,0.006750546002027758
12,137,0.16431307237827297
12,139,0.16847944122245298
12,140,0.18866625982801882
12,141,0.023116812837974194
12,143,0.005168876754974449
12,148,0.05652034288469349
12,152,0.02567489447273331
12,154,0.12366571106710016
12,160,0.05868528807421591
12,161,0.025096968207608362
12,163,0.10758872818382842
12,167,0.10722912930384727
12,170,0.07059237462046036
12,184,0.14947469282423115
12,187,0.034577161919786485
12,188,0.04231861268341634
12,199,0.02990514637219978
12,207,0.0470957732093343
12,210,0.13201976448074082
12,211,0.048597820202934724
13,0,0.5962519354497179
13,1,0.6442534807624668
13,2,0.46898169645524657
13,3,0.48868139986830295
13,4,0.3683729745308777
13,5,0.45192750468529774
13,6,0.3788507050744639
13,7,0.4010488190609509
13,8,0.46470649632491395
13,9,0.3870501214583973
13,10,0.3964848190796873
13,11,0.48010025583037197
13,12,0.3916677999992071
13,13,1.0
13,14,0.43675151782595106
13,15,0.5292535874231312
13,16,0.46179174743499346
13,17,0.0741917151189914
13,18,0.09965972477427927
13,26,0.01567534943943072
13,28,0.04466081770339058
13,31,0.3087230089559879
13,36,0.055677917338970505
13,37,0.04320309007461372
13,40,0.27511122699031504
13,42,0.20553419040790727
13,43,0.23893711118282887
13,44,0.13863399382872635
13,45,0.09379001002346701
13,46,0.17717049732074347
13,47,0.25310099428790056
13,48,0.13729494791497593
13,49,0.20425017119973107
13,55,0.16342882407352466
13,57,0.08131395051965293
13,58,0.13423160052947755
13,59,0.1810758739181829
13,60,0.12509828837701645
13,61,0.05853773570309293
13,74,0.1056152106370312
13,78,0.010727025757561853
13,82,0.023695897363873824
13,83,0.045084775668857796
13,85,0.061082849061122074
13,87,0.0024522814093276266
13,88,0.03330985185651966
13,91,0.06271257876546507
13,96,0.009818322092358991
13,99,0.0006556767344703369
13,108,0.12127692268136858
13,114,0.008934106811139528
13,120,0.21002681124330186
13,122,0.07168360727491756
13,123,0.08004303647267091
13,125,0.112948183154251
13,129,0.021596530116714124
13,132,0.09889680403897039
13,134,0.1099121507590463
13,137,0.041504378120812355
13,139,0.015026675083323981
13,140,0.10313840404770983
13,148,0.059337832997274985
13,152,0.13225398368566746
13,161,0.17347371015474336
13,165,0.13341905549552213
13,170,0.03939711664179834
13,171,0.07425656516794127
13,181,0.09517648683556543
13,184,0.0759831157070077
13,188,0.17141262745838312
13,202,0.06900989952666911
13,207,0.1306145867053757
13,210,0.07798440134211226
14,0,0.5474556019276557
14,1,0.43522178082006757
14,2,0.5385806669612468
14,3,0.4088248760128105
14,4,0.3280921642899557
14,5,0.2332416481811717
14,6,0.2628594295218442
14,7,0.23938587550226267
14,8,0.7080010986189423
14,9,0.5045724070018064
14,10,0.33478594003807766
14,11,0.3577031144011026
14,12,0.445893155818816
14,13,0.43675151782595106
14,14,1.0
14,15,0.4669258976302181
14,16,0.2805625734091336
14,18,0.05295751146246994
14,22,0.02138986900032149
14,31,0.0706144912615088
14,40,0.10974232783312124
14,41,0.1992890491799482
14,42,0.43507447576580316
14,43,0.29362163661203816
14,44,0.1938923713586335
14,46,0.5374703544661381
14,47,0.07583732143968741
14,48,0.07882342822999616
14,49,0.46135891691032077
14,55,0.035916187919556926
14,57,0.47557294183730314
14,58,0.3809326537169207
14,59,0.09058656328174747
14,60,0.05027113648928733
14,74,0.022464108583513782
14,75,0.07362088753866222
14,78,0.24220717624317825
14,81,0.10294329103719
14,83,0.17369410862424664
14,84,0.005613458285675868
14,85,0.1671221978046212
14,87,0.09246054184097519
14,88,0.1003629885248603
14,91,0.026628617830390573
14,92,0.17006952089106156
14,93,0.11731837809553922
14,94,0.049865121190900495
14,96,0.22580822337464784
14,99,0.21388684917610354
14,100,0.2255986557627766
14,101,0.06034563516569939
14,106,0.003914978110318564
14,108,0.2474183241467512
14,109,0.19413121666480848
14,114,0.27473660188424726
14,116,0.1546315767926766
14,117,0.045119496275264466
14,118,0.16160200483258502
14,120,0.13230832255343092
14,122,0.10835668481395085
14,123,0.08335122236639739
14,125,0.44986726340789707
14,126,0.05337935259841492
14,128,0.08304090556774536
14,129,0.12028329472733267
14,130,0.036249692096043284
14,131,0.2955128247992417
14,132,0.007652789450485737
14,134,0.4009902501948586
14,135,0.02258694957039136
14,136,0.22418215544848677
14,137,0.4749416622019836
14,139,0.2796550426704025
14,140,0.49980592551371034
14,143,0.03155423521075884
14,148,0.18472135871090234
14,152,0.09010287211806678
14,154,0.27910546860207147
14,160,0.09443787489785867
14,161,0.07804821770637364
14,163,0.12985751313490534
14,167,0.2391310084910489
14,170,0.09382771221061856
14,172,0.05720227258187975
14,181,0.0781212842822298
14,184,0.13251083968372546
14,187,0.22750990002980007
14,188,0.1654490450457628
14,189,0.041073560473224906
14,199,0.06656512652097381
14,202,0.14427929920503163
14,207,0.13293886695302454
14,208,0.1609544115569031
14,210,0.13557924424750167
14,211,0.05394022550348435
15,0,0.3572398057370829
15,1,0.4506846853293208
15,2,0.36491025887796064
15,3,0.44238015539337616
15,4,0.3126540947215619
15,5,0.4350742117410129
15,6,0.35821305909741485
15,7,0.32575968597964916
15,8,0.28430062528247496
15,9,0.1768638263767686
15,10,0.3762949925440603
15,11,0.5966073825736354
15,12,0.3048344745119512
15,13,0.5292535874231312
15,14,0.4669258976302181
15,15,1.0
15,16,0.37859697912739587
15,17,0.060780708512773084
15,18,0.10996452121710819
15,20,0.002441693810105378
15,21,0.06715014241018281
15,26,0.09862348967269108
15,28,0.046455881312228685
15,31,0.3324862270316694
15,32,0.001161217932056006
15,36,0.00799938875554227
15,37,0.022939306571281258
15,40,0.23970504495163117
15,42,0.060504940084967776
15,43,0.145465698743653
15,44,0.016479832949855302
15,45,0.0064703911745792615
15,46,0.05349856542042244
15,47,0.13822024375715186
15,48,0.10041591599940825
15,49,0.05033863976157843
15,55,0.09497735152961537
15,57,0.05461831422705035
15,58,0.07571510894619203
15,59,0.16916796032323367
15,60,0.17554399099898577
15,61,0.10967601970931397
15,74,0.1788037171726836
15,85,0.03893565035981903
15,87,0.01677304727501521
15,96,0.020882896364415815
15,120,0.2330464315914214
15,122,0.00536744629433753
15,123,0.05990168079340424
15,125,0.021997047724971228
15,129,0.03795681591411676
15,132,0.03177745565818206
15,134,0.02949430580392847
15,137,0.010866770914516806
15,139,0.016404790621718533
15,140,0.0354481544499095
15,152,0.011076588948364389
15,161,0.10170794807527332
15,165,0.05397683110358929
15,169,4.7902814492825054e-06
15,171,0.07323389185605576
15,188,0.055097199051231206
15,207,0.022877703383298514
15,210,0.008851254606276848
15,225,0.024737265608288227
15,246,0.007716929901023157
16,0,0.366673582978578
16,1,0.5910637368517973
16,2,0.1914722317238551
16,3,0.43499936359913194
16,4,0.20847381853796515
16,5,0.19376957443376017
16,6,0.19507662004309353
16,7,0.8517829684271001
16,8,0.3760660685680568
16,9,0.38874291417643675
16,10,0.1241378319018329
16,11,0.44387072459531346
16,12,0.2256211369828771
16,13,0.46179174743499346
16,14,0.2805625734091336
16,15,0.37859697912739587
16,16,0.9999999999999999
16,17,0.24348760695666102
16,19,0.003034762503285081
16,21,0.08615233621485109
16,23,0.08948886554330382
16,26,0.10211917471058615
16,28,0.30791573616768736
16,31,0.13539586361794403
16,35,0.04902329754116761
16,36,0.10402999845641828
16,37,0.12380012591874764
16,40,0.33724349351489186
16,42,0.11581399557855285
16,43,0.4082262093556804
16,44,0.23237094453837498
16,45,0.11831138042074364
16,46,0.11962745384936993
16,47,0.3719016456547372
16,48,0.16018434897759198
16,49,0.1544639475339958
16,55,0.3807507373654543
16,57,0.149311751398549
16,58,0.17169058542214627
16,59,0.1592401247686555
16,61,0.11575047828718728
16,74,0.05190494299501353
16,78,0.08216580364075898
16,82,0.028529723596050036
16,83,0.05763228935158975
16,87,0.14814902239173558
16,88,0.06688095699964904
16,89,0.02308376390975987
16,90,0.0557450467019517
16,91,0.1637778789367844
16,97,0.004015610153872879
16,108,0.07780689830938707
16,112,0.095117853235005
16,114,0.05569440031475724
16,122,0.1264312135687386
16,123,0.04748851867921562
16,125,0.012956556534970912
16,127,0.006624858424753367
16,132,0.041149424081400494
16,134,0.1111294839589986
16,137,0.053273367489119275
16,140,0.045533249448535325
16,148,0.18271142448894886
16,150,0.012464413248486373
16,152,0.08308914950134441
16,156,0.016329198324497012
16,161,0.3291113658463685
16,164,0.027357361112969963
16,165,0.1778186987029199
16,171,0.23693507968940233
16,181,0.15905735429358395
16,186,0.04562989330323569
16,188,0.1262180150268241
16,202,0.12034102117693588
16,207,0.18909567586269485
16,208,0.08433096933180019
16,209,0.058519129252434764
16,213,0.056384211204980196
16,216,0.1045283166001571
16,221,0.09275894819321764
16,223,0.039256009696196636
16,224,0.06700332134145538
16,225,0.12064905966309901
16,228,0.10330297069190096
16,237,0.014560254056785326
16,238,0.03918094367193765
16,246,0.10599218729391907
16,247,0.07775236746634195
17,1,0.09591572633021202
17,3,0.032517847539349914
17,7,0.2117251442930551
17,11,0.159817029153887
17,13,0.0741917151189914
17,15,0.060780708512773084
17,16,0.24348760695666102
17,17,1.0
17,19,0.5192320685967429
17,20,0.2261809077430948
17,21,0.49580481992898934
17,22,0.0169577235695768
17,23,0.30811820030387305
17,24,0.2963339456311509
17,25,0.3163937146725966
17,26,0.24886846475869456
17,27,0.3648022068411052
17,28,0.47700546348863326
17,29,0.014078840609329252
17,30,0.15104246792242354
17,31,0.050527185243034616
17,33,0.004593353883493567
17,35,0.19943029528697398
17,36,0.43700316698446534
17,37,0.418456027544912
17,38,0.14985690000836382
17,39,0.08135495756357018
17,40,0.30667860260900515
17,43,0.30364078272276884
17,44,0.17163013096515242
17,45,0.252456389517033
17,47,0.4007263971476981
17,48,0.07349842344320744
17,49,0.021498378553001712
17,52,0.07864392186026853
17,53,0.13363333085013074
17,54,0.008158023672099767
17,55,0.35917773850951745
17,56,0.05049291838826844
17,59,0.013401096306044235
17,61,0.09870346701405608
17,63,0.05790525680387091
17,64,0.10619655365409877
17,66,0.008933676512224762
17,67,0.07573605686927791
17,68,0.21119787096161746
17,69,0.01782499411629229
17,70,0.17239309160373184
17,71,0.07142504989863847
17,72,0.0480703819738356
17,73,0.0562996060735573
17,74,0.001837536042906526
17,80,0.05620480897373089
17,82,0.19273405309059474
17,88,0.05176327954485162
17,89,0.16412166474417897
17,90,0.03871809679157237
17,91,0.08635388792079614
17,107,0.053609363583483984
17,112,0.3169913081387654
17,119,0.0762539723599789
17,122,0.0967004517918027
17,123,0.045431192535274015
17,127,0.08658333636642854
17,132,0.03780175522432221
17,146,0.050280734314404905
17,148,0.0427634216510643
17,149,0.007607516597660926
17,150,0.087764300043922
17,152,0.04575313922960049
17,155,0.027827713787961623
17,156,0.05291837672580588
17,161,0.22984019206999834
17,162,0.008646442491070027
17,164,0.07567846194119643
17,165,0.24694494095624836
17,171,0.4431171410145587
17,174,0.07230835301361638
17,176,0.13214609454377738
17,178,0.1499000024236596
17,179,0.139012527110379
17,180,0.0897894711349553
17,181,0.12425761050867516
17,182,0.30043707855919827
17,186,0.12120063668266746
17,188,0.019890196982271142
17,193,0.03944486403178573
17,194,0.06060011713856655
17,196,0.08323532312822683
17,198,0.031897473442724075
17,200,0.06777581688800725
17,201,0.008112720527722078
17,204,0.015410589145229735
17,206,0.17096686214210033
17,207,0.22143692659397268
17,209,0.2614687291332973
17,210,0.009041600977126493
17,212,0.17748576988342676
17,213,0.24565126553295186
17,216,0.32327765800084834
17,217,0.020083432703815025
17,219,0.12016009486275543
17,220,0.040395170785212896
17,221,0.37003708388041545
17,222,0.10228961156857444
17,223,0.11146958333646777
17,224,0.3445314006009335
17,225,0.29164340207052386
17,226,0.26105525352221576
17,227,0.36067581341184396
17,228,0.382660332929832
17,229,0.09824416233918869
17,230,0.04230450276527956
17,232,0.07071503950877632
17,234,0.281223612526465
17,235,0.1521804031919452
17,237,0.10193309718444674
17,238,0.17383350371558112
17,239,0.09901428103656125
17,241,0.11215366541856368
17,244,0.03662442405803639
17,245,0.3077508063829217
17,246,0.20734813989304696
17,247,0.20825302179405408
18,0,0.0886185826187178
18,1,0.06999286609660108
18,2,0.09694007683356651
18,3,0.041601891783437046
18,4,0.11557068726700509
18,5,0.1269756523503145
18,6,0.1319402113143624
18,8,0.04202113553481206
18,9,0.17021354915164214
18,10,0.1211486031145206
18,11,0.07926231733243587
18,12,0.0716329058650557
18,13,0.09965972477427927
18,14,0.05295751146246994
18,15,0.10996452121710819
18,18,1.0
18,19,0.05296824486818919
18,20,0.35818564673366554
18,27,0.1014200169069329
18,31,0.11221775674063768
18,32,0.17543939400529673
18,34,0.021436079283929856
18,36,0.09449202850439528
18,38,0.2935691277330921
18,39,0.3035486672941113
18,42,0.16672477994972953
18,45,0.1129633582188078
18,46,0.04912056723687028
18,48,0.031479045456289774
18,50,0.10422151816715271
18,59,0.16547181763902663
18,60,0.22558136457318567
18,61,0.03620590870697589
18,62,0.3043104884979815
18,63,0.08926366805771326
18,65,0.06570934770158988
18,66,0.13811019982341305
18,71,0.04992406935485938
18,74,0.22762886381489342
18,76,0.21021994929138849
18,83,0.007647927928064344
18,84,0.10397178879759579
18,93,0.01759833534993998
18,94,0.1540579685331422
18,95,0.06679278062953856
18,96,0.02791426547356149
18,99,0.05111928034009154
18,101,0.010966622828014258
18,102,0.04473060947902309
18,117,0.2698638729456506
18,119,0.07976961236982698
18,120,0.238675623374488
18,124,0.021629806634355073
18,125,0.008508280754294542
18,126,0.016415757631098444
18,129,0.37924902255561393
18,130,0.11983008406830323
18,132,0.23833167574219913
18,133,0.19330206928037244
18,135,0.23010986699486824
18,140,0.059320145100023265
18,141,0.21696570489527833
18,143,0.23772451150414134
18,144,0.218138772433703
18,145,0.10396594904510001
18,146,0.061503967463353564
18,149,0.025200090331983564
18,151,0.07244737872417684
18,152,0.007377157252752443
18,156,0.20718048801089986
18,157,0.3705064868931834
18,160,0.054681447612512646
18,161,0.008240694151548178
18,162,0.1404076692874619
18,163,0.12269121167230644
18,164,0.08741682396473786
18,166,0.3676792082088019
18,168,0.07060173182837327
